K_beam=[AE/L 0 0 0 0 0 -AE/L 0 0 0 0 0
      0 12*EIz/(L^3) 0 0 0 6*EIz/(L^2) 0 -12*EIz/(L^3) 0 0 0 6*EIz/(L^2)
      0 0 12*EIy/(L^3) 0 -6*EIy/(L^2) 0 0 0 -12*EIy/(L^3) 0 -6*EIy/(L^2) 0 
      0 0 0 GIx/L 0 0 0 0 0 -GIx/L 0 0
      0 0 -6*EIy/(L^2) 0 4*EIy/L 0 0 0 6*EIy/(L^2) 0 2*EIy/L 0 
      0 6*EIz/(L^2) 0 0 0 4*EIz/L 0 -6*EIz/(L^2) 0 0 0 2*EIz/L 
      -AE/L 0 0 0 0 0 AE/L 0 0 0 0 0
      0 -12*EIz/(L^3) 0 0 0 -6*EIz/(L^2) 0 12*EIz/(L^3) 0 0 0 -6*EIz/(L^2)
      0 0 -12*EIy/(L^3) 0 6*EIy/(L^2) 0 0 0 12*EIy/(L^3) 0 6*EIy/(L^2) 0 
      0 0 0 -GIx/L 0 0 0 0 0 GIx/L 0 0
      0 0 -6*EIy/(L^2) 0 2*EIy/L 0 0 0 6*EIy/(L^2) 0 4*EIy/L 0 
      0 6*EIz/(L^2) 0 0 0 2*EIz/L 0 -6*EIz/(L^2) 0 0 0 4*EIz/L ];